300
18553.8
6405.74
5324.67
4809.2
4163.43
3985.69
3602.98
3043.85
2920.37
2751.34
2601.79
2308.37
2257.76
2178.37
2093.78
2029.66
2026.3
1976.08
1861.43
1830.07
1787.5
1749.35
1747.55
1706.79
1689.44
1644.63
1641.39
1558.06
1545.5
1529.77
1516.58
1494.74
1467.23
1458.08
1442.24
1421.52
1406.32
1403.18
1371.31
1363.63
1357.4
1329.08
1306.48
1301.77
1294.13
1288.25
1277
1263.21
1250.11
1244.87
1230.86
1226.69
1212.08
1200.93
1193.01
1190.65
1175.62
1171.06
1164.39
1154.93
1145.35
1139.89
1130.48
1128.55
1123.22
1113.95
1109.42
1105.43
1100.61
1095.8
1089.36
1087.65
1086.62
1077.71
1071.01
1059.01
1058.51
1052.77
1048.86
1038.13
1036.44
1032.65
1030.67
1027.28
1023.04
1018.21
1016.44
1012.23
1009.2
1003.72
1001.6
999.147
995.896
992.37
988.106
986.628
983.638
979.582
978.101
972.877
971.666
971.268
968.238
963.767
960.613
959.185
953.998
952.414
950.3
948.549
947.151
945.719
941.345
938.173
937.631
937.028
934.744
928.853
925.1
923.991
921.41
920.426
919.022
916.053
914.079
912.814
911.912
910.492
908.829
906.393
905.018
902.589
901.217
899.024
898.768
896.75
894.92
892.911
890.204
890.047
887.707
886.792
885.684
885.124
883.563
882.127
879.847
878.447
877.82
877.209
874.546
873.178
872.862
870.937
870.453
869.325
866.163
866.009
864.154
862.689
861.943
860.657
860.166
859.293
857.097
856.187
854.901
853.845
851.847
851.386
849.37
848.094
847.308
846.89
845.728
844.012
842.913
840.982
840.208
838.915
838.629
837.811
836.814
836.207
835.259
833.057
831.775
830.151
829.54
828.827
827.443
827.325
826.7
825.385
824.653
823.539
822.89
821.322
819.814
819.267
817.15
816.884
815.904
815.294
814.125
812.873
812.345
811.792
811.477
810.329
808.333
808.289
806.514
805.359
804.867
803.73
803.256
802.015
801.617
800.918
799.985
798.748
796.546
796.264
795.525
795.155
793.781
792.778
792.451
791.527
790.584
789.161
789.015
788.36
787.233
786.394
784.731
784.106
783.78
782.803
781.939
781.637
780.434
780.123
779.011
778.525
777.606
777.046
776.338
776.249
775.081
774.009
773.632
773.108
771.284
771.114
769.932
769.807
769.211
768.693
767.691
766.805
765.945
765.542
764.998
763.98
763.255
761.817
761.068
760.289
759.433
758.647
757.581
757.124
756.759
756.282
754.97
754.913
754.064
752.887
752.77
752.16
751.08
750.464
749.835
749.395
748.315
747.367
747.005
746.116
745.619
745.072
744.524
743.336
742.484
742.169
741.58
741.244
740.965
739.597
